Heart Rate,Blood Pressure,Oxygen Level
99,144,92
94,131,111
98,135,100
99,131,118
98,132,126
92,141,103
93,144,119
89,143,106
80,131,109
81,133,117
97,143,93
92,149,122
96,131,120
98,135,105
94,132,103
89,143,118
99,127,100
90,121,126
88,123,112
84,147,93
88,139,93
90,139,116
84,127,96
96,149,101
81,120,120
84,123,97
91,120,107
89,121,109
93,143,112
89,135,115
87,120,112
87,123,125
97,129,111
89,124,118
82,125,126
99,126,106
83,123,119
83,133,101
80,126,117
92,136,103
83,120,127
91,147,95
96,139,98
85,146,105
84,125,98
80,143,117
90,134,100
94,147,93
91,132,108
92,149,96
88,141,98
91,129,93
91,129,107
88,121,110
86,137,127
95,140,97
88,126,101
83,130,121
88,120,109
92,124,123
85,139,106
99,127,100
96,149,121
84,145,105
96,133,127
87,142,115
97,141,128
99,139,90
86,147,125
82,133,92
80,149,90
97,145,90
87,141,118
88,127,111
95,127,91
83,130,118
89,121,127
82,125,94
83,125,117
94,146,125
89,121,90
97,129,104
97,144,92
95,127,112
91,142,120
96,140,111
84,143,124
87,143,90
80,149,99
94,128,123
82,130,100
99,126,123
90,144,127
95,134,126
95,128,117
87,127,100
95,147,97
91,135,90
87,139,105
97,149,98
93,137,119
93,124,117
92,131,113
80,149,128
98,138,95
90,141,104
92,138,108
94,134,104
99,126,118
86,127,127
96,145,117
85,142,116
96,142,125
88,149,109
93,130,109
96,140,122
93,137,128
83,121,122
94,128,91
81,127,98
96,123,117
89,123,112
92,137,99
89,145,114
93,125,122
88,125,114
89,148,93
86,137,100
89,120,122
82,131,102
85,134,118
92,128,98
99,145,121
84,137,121
88,149,100
91,132,124
81,143,90
88,145,90
80,136,109
92,141,94
95,123,97
95,120,123
80,135,99
91,124,93
83,137,119
82,120,109
98,122,117
87,147,92
88,129,107
89,131,127
95,130,127
87,146,101
90,124,124
87,140,104
80,130,129
87,135,111
91,126,119
97,131,121
86,123,105
99,144,118
88,135,125
84,135,112
98,120,119
84,134,96
80,120,93
83,129,106
94,149,107
99,136,90
87,130,102
82,144,113
99,120,111
90,136,116
82,133,109
89,147,123
90,149,105
84,142,102
93,134,118
85,142,103
93,129,117
81,141,98
90,137,104
92,134,114
99,124,109
88,131,97
86,136,92
85,142,112
99,131,92
86,144,119
95,124,124
91,125,108
94,147,98
83,127,111
94,122,104
88,129,119
94,130,95
89,126,93
90,123,106
84,131,103
90,121,129
93,128,92
94,122,127
99,122,118
94,120,116
96,140,126
94,124,91
93,148,122
84,127,112
85,133,95
93,128,118
97,123,111
88,143,113
85,139,107
95,128,97
99,128,113
99,138,104
99,146,94
91,144,94
90,123,121
87,145,102
87,126,93
95,149,100
81,140,129
90,122,98
88,136,100
84,135,128
88,142,105
87,141,98
88,137,91
87,139,102
81,120,97
80,131,103
82,122,114
93,140,120
85,148,114
93,140,117
82,123,119
80,142,104
80,141,113
82,142,109
96,141,125
82,132,106
87,146,107
94,148,109
96,129,128
97,141,94
94,145,110
84,144,105
80,125,122
80,144,100
94,147,102
87,149,92
90,140,101
94,138,92
84,137,102
98,122,104
88,136,94
99,146,120
93,131,117
99,148,97
82,129,90
91,128,102
86,149,116
91,144,92
82,135,96
95,145,106
85,139,117
89,120,90
80,145,129
93,138,104
82,138,115
84,124,102
87,135,107
80,133,95
99,130,123
84,129,116
85,136,119
90,138,106
84,132,105
92,142,108
89,128,95
93,146,110
84,144,99
88,136,124
86,136,96
81,145,122
86,147,116
83,123,106
96,141,114
94,128,104
84,146,128
88,125,119
85,122,119
93,124,116
92,130,127
90,137,119
80,125,96
80,135,124
80,124,117
95,145,107
90,145,98
84,130,117
91,136,118
99,121,96
81,139,123
92,133,117
90,120,113
99,123,118
97,135,120
88,133,118
80,141,120
92,149,123
98,134,125
89,147,103
82,133,96
95,128,100
98,132,113
95,121,90
94,133,101
93,145,123
83,125,113
93,137,109
82,145,112
85,120,118
87,132,96
89,141,91
85,120,112
93,140,121
87,142,117
89,132,94
97,141,97
90,148,122
80,125,107
92,137,93
83,124,115
94,143,96
83,127,98
84,126,100
85,131,117
93,149,104
86,121,115
88,131,107
96,147,93
81,144,108
85,146,98
98,136,113
97,134,122
87,136,107
85,123,123
82,145,96
86,134,99
86,136,123
82,135,92
96,144,127
94,138,129
98,139,117
90,128,126
95,143,114
80,140,117
92,146,100
87,138,114
80,130,125
88,138,112
85,141,114
94,122,124
92,144,118
95,148,95
85,134,110
86,139,113
99,129,124
85,132,105
89,146,96
83,126,102
97,134,102
88,122,100
89,133,122
83,138,127
94,146,112
99,120,103
85,149,106
94,123,101
89,126,128
93,125,106
93,144,93
81,132,100
82,131,120
99,122,123
87,131,102
82,124,93
96,126,123
98,147,107
99,148,95
95,148,122
99,127,105
88,127,114
94,146,117
96,133,95
82,144,121
90,120,108
89,133,96
92,122,102
98,142,126
84,146,126
93,128,107
86,124,122
86,140,95
83,129,117
94,145,91
89,126,106
96,144,110
90,144,116
81,141,97
91,120,115
87,149,112
85,146,111
98,140,124
98,136,127
94,126,116
88,125,129
92,132,129
81,144,101
97,137,125
81,138,110
85,131,119
92,142,92
94,126,103
93,144,120
89,128,124
92,121,127
89,148,109
97,128,115
99,120,129
97,147,96
97,142,119
83,124,90
83,131,99
94,136,120
85,135,90
85,125,111
83,147,128
95,142,97
88,123,105
96,145,103
84,125,113
83,130,111
99,129,111
99,120,123
96,138,109
89,137,102
98,123,100
90,137,98
90,120,114
98,131,106
94,128,112
85,122,122
92,124,126
89,141,100
88,124,93
97,125,105
87,141,105
82,141,105
80,138,94
99,141,118
85,121,124
82,128,110
86,129,93
95,131,126
90,124,124
91,147,113
92,120,112
96,125,125
86,137,93
88,135,112
91,149,114
88,128,111
95,135,114
92,140,110
90,130,99
85,137,122
82,139,91
86,142,102
97,146,113
93,140,115
92,128,120
86,136,105
89,139,108
80,129,117
90,126,120
83,149,91
90,122,123
86,146,92
96,148,111
98,120,90
93,125,119
82,129,108
86,142,125
98,140,118
88,121,129
83,147,117
93,142,110
92,141,109
88,134,118
99,137,116
98,143,92
83,142,112
80,146,107
80,136,99
92,136,129
95,141,124
80,122,96
91,124,104
85,146,122
85,145,103
97,128,127
88,144,105
96,120,103
90,124,102
99,132,110
88,134,104
92,120,101
83,134,107
99,122,98
89,121,97
83,140,116
83,126,104
86,147,122
88,121,127
87,144,121
93,129,107
96,125,97
97,146,118
86,123,114
96,135,115
93,146,90
89,134,123
96,126,116
83,121,112
85,147,97
87,127,100
94,126,124
93,126,112
88,120,109
87,121,128
90,142,103
92,125,102
80,141,118
81,128,128
90,143,100
88,129,112
95,131,111
87,139,99
87,125,122
87,142,90
92,125,107
86,128,95
93,148,111
87,120,109
94,143,128
87,147,114
82,147,109
81,134,97
86,130,106
93,148,97
88,136,95
81,125,118
82,147,94
98,127,101
80,135,102
98,137,115
92,141,113
84,125,123
92,133,108
83,126,120
83,140,96
88,132,123
94,144,123
87,120,124
82,127,110
99,144,106
93,138,109
91,139,129
96,122,115
95,129,117
81,138,121
92,147,99
95,147,104
80,132,129
89,142,112
87,144,121
90,149,112
99,141,123
93,147,101
88,129,118
95,133,110
93,144,113
94,144,120
88,147,111
82,148,110
87,120,107
96,139,96
94,125,114
91,120,95
82,132,105
99,147,94
86,132,100
93,143,100
97,145,95
89,142,91
92,124,105
90,142,126
98,136,117
99,140,122
89,141,93
92,142,103
99,129,108
81,137,96
90,137,128
96,135,99
89,131,126
83,141,109
95,147,108
86,143,116
81,130,91
83,137,122
80,140,124
95,121,124
83,129,91
98,137,122
87,125,93
98,141,106
95,143,114
98,147,102
89,140,97
98,146,111
92,131,119
85,146,101
99,131,102
94,128,91
82,129,115
89,146,125
88,131,125
86,130,109
87,138,101
82,147,101
93,123,124
93,124,124
80,122,92
98,130,107
90,137,103
93,147,129
96,131,126
98,138,100
81,141,124
80,125,91
84,120,119
88,131,117
87,146,110
83,121,119
92,138,116
95,129,127
88,137,111
82,148,99
85,136,119
90,142,91
98,142,92
96,129,95
98,141,109
85,125,97
90,120,101
99,125,100
92,133,104
83,132,102
97,141,91
95,141,112
86,138,102
85,125,127
95,149,108
97,141,111
88,145,111
89,125,124
91,131,92
94,133,107
83,122,106
96,129,119
99,139,113
91,149,127
93,120,99
88,140,102
97,130,124
96,149,104
83,139,121
88,133,123
84,145,117
87,136,123
84,126,113
82,134,101
80,139,110
81,123,106
91,136,99
95,137,112
95,128,115
86,146,128
80,136,98
86,122,109
98,128,127
87,120,92
81,148,129
86,142,123
81,131,90
89,147,112
84,127,102
99,134,127
86,122,102
89,145,123
82,129,94
99,145,107
82,129,110
87,120,123
82,139,94
98,143,122
93,142,93
91,140,128
88,141,112
85,131,128
82,127,111
92,124,105
93,145,112
83,129,106
91,132,95
92,145,94
89,144,124
86,144,112
90,121,123
81,123,122
98,148,104
85,131,126
87,147,123
97,133,93
94,147,128
99,131,124
99,147,123
96,141,129
91,122,96
98,140,121
83,122,121
82,131,92
92,139,116
96,143,119
97,121,103
84,142,117
82,127,98
90,136,109
80,139,124
88,147,98
92,148,106
99,123,111
93,135,125
80,122,99
81,141,126
97,138,122
95,149,126
97,127,98
92,124,93
99,134,105
81,122,98
99,148,102
91,120,110
92,127,92
93,134,114
96,122,105
92,127,91
96,146,98
83,146,122
81,147,101
86,134,95
97,126,104
91,130,115
90,120,119
86,134,103
93,138,105
85,122,119
97,126,119
91,149,105
81,130,129
88,131,106
91,121,127
92,146,120
81,124,117
93,144,110
85,120,94
94,132,97
92,123,116
97,130,90
89,135,121
87,129,124
90,144,127
92,121,115
84,129,99
85,127,90
91,135,120
89,128,112
